RDA2
A
2
196866
131840
1026
1
262153
4
csym
787
3
14
21
9.806649999999999
273.15
8314.472
18.0153
28.9637
273.16
6.022141e+26
1.380650502869328e-23
287.0652575465151
461.5228167169017
6371229
1004.728401412803
717.6631438662878
1.4
7.292115e-05
0.001240648429785751
5.6704e-08
0.0174532925199433
0.3048
1852
0.5144444444444445
781
21
3
2
1
4
4
2
5
6
7
7
8
7
7
9
10
10
11
12
13
14
15
1026
1
262153
6
levels
16
15
262153
10
J/(kmol\040K)
262153
1
K
262153
3
m/s
262153
7
kg/kmol
262153
14
molecules/kmol
262153
3
J/K
262153
8
J/(kg\040K)
262153
1
m
262153
13
dimensionless
262153
9
radians/s
262153
11
W/(m^2\040K^4)
262153
14
radians/degree
262153
4
m/ft
262153
13
meters/(n\040mi)
262153
11
knots/(m/s)
1026
1
262153
5
class
16
1
262153
6
factor
254
781
21
1
2
3
4
5
6
7
8
9
10
11
12
13
14
15
16
17
18
19
20
21
1026
767
16
21
262153
43
standard-atmosphere\040acceleration\040of\040gravity
262153
32
T\040in\040kelvin\040corresponding\040to\0400\040C
262153
22
universal\040gas\040constant
262153
25
molecular\040weight\040of\040water
262153
46
molecular\040weight,\040weighted\040average\040for\040dry\040air
262153
33
triple\040point\040temperature\040of\040water
262153
17
Avogadro\040constant
262153
17
Boltzman\040constant
262153
24
gas\040constant\040for\040dry\040air
262153
28
gas\040constant\040for\040water\040vapor
262153
37
radius\040of\040the\040Earth\040(as\040used\040by\040INUs)
262153
45
specific\040heat\040of\040dry\040air\040at\040constant\040pressure
262153
43
specific\040heat\040of\040dry\040air\040at\040constant\040volume
262153
44
ratio\040of\040specific\040heats\040for\040dry\040air,\040cpd/cpv
262153
34
angular\040rotation\040rate\040of\040the\040Earth
262153
44
angular\040frequency\040of\040the\040Schuler\040oscillation
262153
26
Stephan-Boltzmann\040Constant
262153
34
conversion\040to\040radians\040from\040degrees
262153
30
conversion\040to\040meters\040from\040feet
262153
30
conversion\040to\040meters\040from\040n\040mi
262153
28
conversion\040to\040m/s\040from\040knots
1026
1023
16
1
262153
6
factor
254
1026
1
262153
5
names
16
3
262153
5
value
262153
5
units
262153
11
description
1026
1
262153
9
row.names
16
21
262153
10
g_standard
262153
5
Tzero
262153
2
Ru
262153
3
MWW
262153
3
MWD
262153
3
T3W
262153
2
Na
262153
2
kB
262153
2
Rd
262153
2
Rw
262153
2
Re
262153
3
cpd
262153
3
cvd
262153
5
gamma
262153
5
Omega
262153
8
OmegaSch
262153
7
sigmaSB
262153
6
Cradeg
262153
8
Cmeterft
262153
9
Cmfromnmi
262153
6
Cktmps
1026
1023
16
1
262153
10
data.frame
254
254
